   power           prob
   4.8300000e-01   1.8187801e-05
   4.8400000e-01   0.0000000e+00
   4.8500000e-01   4.9603093e-06
   4.8600000e-01   3.6375601e-05
   4.8700000e-01   6.1177148e-05
   4.8800000e-01   1.1243368e-04
   4.8900000e-01   1.0747337e-04
   4.9000000e-01   2.1660017e-04
   4.9100000e-01   7.2255172e-04
   4.9200000e-01   1.0102497e-03
   4.9300000e-01   9.4741907e-04
   4.9400000e-01   1.1028421e-03
   4.9500000e-01   7.3081890e-04
   4.9600000e-01   3.8359725e-04
   4.9700000e-01   4.7453625e-04
   4.9800000e-01   7.0767079e-04
   4.9900000e-01   5.2579278e-04
   5.0000000e-01   8.1679759e-04
   5.0100000e-01   9.8544811e-04
   5.0200000e-01   9.9206185e-04
   5.0300000e-01   1.0367046e-03
   5.0400000e-01   7.1263110e-04
   5.0500000e-01   7.1759141e-04
   5.0600000e-01   6.0350429e-04
   5.0700000e-01   4.7618969e-04
   5.0800000e-01   7.0105704e-04
   5.0900000e-01   7.5396701e-04
   5.1000000e-01   9.0112285e-04
   5.1100000e-01   1.7526426e-03
   5.1200000e-01   2.2569407e-03
   5.1300000e-01   1.8402747e-03
   5.1400000e-01   1.4351828e-03
   5.1500000e-01   1.3558179e-03
   5.1600000e-01   1.0350512e-03
   5.1700000e-01   1.3144820e-03
   5.1800000e-01   1.3706988e-03
   5.1900000e-01   1.1111093e-03
   5.2000000e-01   7.2255172e-04
   5.2100000e-01   8.0026323e-04
   5.2200000e-01   5.7870275e-04
   5.2300000e-01   3.3730103e-04
   5.2400000e-01   3.3730103e-04
   5.2500000e-01   2.9265825e-04
   5.2600000e-01   2.8108419e-04
   5.2700000e-01   6.5806769e-04
   5.2800000e-01   1.7526426e-04
   5.2900000e-01   8.2671821e-05
   5.3000000e-01   1.0251306e-04
   5.3100000e-01   4.7949656e-05
   5.3200000e-01   4.9603093e-06
   5.3300000e-01   1.1574055e-05
   5.3400000e-01   1.6534364e-06
   5.3500000e-01   1.1574055e-05
   5.3600000e-01   0.0000000e+00
   5.3700000e-01   0.0000000e+00
   5.3800000e-01   0.0000000e+00
   5.3900000e-01   0.0000000e+00
   5.4000000e-01   3.3068728e-06
   5.4100000e-01   0.0000000e+00
   5.4200000e-01   0.0000000e+00
   5.4300000e-01   0.0000000e+00
   5.4400000e-01   0.0000000e+00
   5.4500000e-01   0.0000000e+00
   5.4600000e-01   0.0000000e+00
   5.4700000e-01   0.0000000e+00
   5.4800000e-01   0.0000000e+00
   5.4900000e-01   0.0000000e+00
   5.5000000e-01   0.0000000e+00
   5.5100000e-01   0.0000000e+00
   5.5200000e-01   0.0000000e+00
   5.5300000e-01   0.0000000e+00
   5.5400000e-01   0.0000000e+00
   5.5500000e-01   0.0000000e+00
   5.5600000e-01   0.0000000e+00
   5.5700000e-01   0.0000000e+00
   5.5800000e-01   0.0000000e+00
   5.5900000e-01   1.1574055e-05
   5.6000000e-01   1.6534364e-06
   5.6100000e-01   0.0000000e+00
   5.6200000e-01   3.3068728e-06
   5.6300000e-01   0.0000000e+00
   5.6400000e-01   0.0000000e+00
   5.6500000e-01   0.0000000e+00
   5.6600000e-01   0.0000000e+00
   5.6700000e-01   8.2671821e-06
   5.6800000e-01   0.0000000e+00
   5.6900000e-01   0.0000000e+00
   5.7000000e-01   3.3068728e-05
   5.7100000e-01   5.7870275e-05
   5.7200000e-01   1.2235430e-04
   5.7300000e-01   8.5978694e-05
   5.7400000e-01   1.6203677e-04
   5.7500000e-01   2.6454983e-05
   5.7600000e-01   9.0939003e-05
   5.7700000e-01   1.8518488e-04
   5.7800000e-01   3.1580636e-04
   5.7900000e-01   2.2156048e-04
   5.8000000e-01   3.3068728e-05
   5.8100000e-01   1.6699708e-04
   5.8200000e-01   1.1078024e-04
   5.8300000e-01   1.2070086e-04
   5.8400000e-01   1.0912680e-04
   5.8500000e-01   1.0912680e-04
   5.8600000e-01   1.6369021e-04
   5.8700000e-01   1.1574055e-04
   5.8800000e-01   1.3062148e-04
   5.8900000e-01   4.1335910e-05
   5.9000000e-01   1.2731460e-04
   5.9100000e-01   6.2830584e-05
   5.9200000e-01   6.7790893e-05
   5.9300000e-01   4.7949656e-05
   5.9400000e-01   1.5542302e-04
   5.9500000e-01   1.2566117e-04
   5.9600000e-01   1.2896804e-04
   5.9700000e-01   1.1574055e-05
   5.9800000e-01   1.9841237e-05
   5.9900000e-01   3.9682474e-05
   6.0000000e-01   0.0000000e+00
   6.0100000e-01   4.2989347e-05
   6.0200000e-01   9.9206185e-06
   6.0300000e-01   3.1415292e-05
   6.0400000e-01   4.4642783e-05
   6.0500000e-01   9.0939003e-05
   6.0600000e-01   0.0000000e+00
   6.0700000e-01   1.8187801e-04
   6.0800000e-01   3.0919261e-04
   6.0900000e-01   3.3564759e-04
   6.1000000e-01   3.5879570e-04
   6.1100000e-01   6.7294862e-04
   6.1200000e-01   9.1765721e-04
   6.1300000e-01   1.3756591e-03
   6.1400000e-01   1.2996010e-03
   6.1500000e-01   1.0747337e-03
   6.1600000e-01   1.1722864e-03
   6.1700000e-01   1.4947065e-03
   6.1800000e-01   1.5393493e-03
   6.1900000e-01   2.6587258e-03
   6.2000000e-01   2.6504586e-03
   6.2100000e-01   5.0562086e-03
   6.2200000e-01   4.3584584e-03
   6.2300000e-01   5.6150701e-03
   6.2400000e-01   5.2000575e-03
   6.2500000e-01   9.2989264e-03
   6.2600000e-01   9.7155924e-03
   6.2700000e-01   1.3726829e-02
   6.2800000e-01   1.6129272e-02
   6.2900000e-01   2.0530720e-02
   6.3000000e-01   3.2344523e-02
   6.3100000e-01   4.0748941e-02
   6.3200000e-01   4.0854760e-02
   6.3300000e-01   4.5462888e-02
   6.3400000e-01   5.3743297e-02
   6.3500000e-01   5.4450968e-02
   6.3600000e-01   5.7638794e-02
   6.3700000e-01   5.6793888e-02
   6.3800000e-01   5.8065380e-02
   6.3900000e-01   5.9247587e-02
   6.4000000e-01   5.4887475e-02
   6.4100000e-01   4.9983383e-02
   6.4200000e-01   4.6030016e-02
   6.4300000e-01   3.9639485e-02
   6.4400000e-01   3.4419586e-02
   6.4500000e-01   2.8265496e-02
   6.4600000e-01   2.3025756e-02
   6.4700000e-01   2.0112401e-02
   6.4800000e-01   1.6803874e-02
   6.4900000e-01   1.3073722e-02
   6.5000000e-01   1.0381927e-02
   6.5100000e-01   6.5939044e-03
   6.5200000e-01   5.9622917e-03
   6.5300000e-01   2.9150084e-03
   6.5400000e-01   1.9940443e-03
   6.5500000e-01   1.8369679e-03
   6.5600000e-01   7.5727388e-04
   6.5700000e-01   4.6130876e-04
   6.5800000e-01   2.0998643e-04
   6.5900000e-01   1.8187801e-04
   6.6000000e-01   2.0337268e-04
   6.6100000e-01   2.1494673e-05
